function colors = PlotColors()

    %Plot colors
    colors.hydrogen = [0, 176/255, 240/255];
    colors.methane = [234/255, 112/255, 13/255];
    colors.navyblue = [0/255,0/255,128/255];
    colors.trueblue = [0/255,115/255,207/255];
    colors.elecblue = [125/255,249/255,255/255];
    colors.raspred = [179/255,68/255,108/255];
    colors.truered = [255/255,0/255,0/255];
    colors.rubyred = [155/255,17/255,30/255];
    colors.MITRed = [163/255, 31/255, 52/255];
    colors.MITDarkGrey = [138/255, 139/255, 140/255];
    colors.MITLightGrey = [194/255, 192/255, 191/255];
    colors.H2blue = [0/255, 176/255, 240/255];
    colors.ColumbiaBlue = [155/255, 221/255, 255/255];
    colors.ChiliRed = [194/255, 24/255, 7/255];


end